0000000000000000

0200160000000000

0000000000000000

0200160000000000

0200100000000000

4000240000000000

0000170000000000

0000180000000000

0000150000000000

0200380000000000

0000040000000000

0000240000000000

0000000000000000

0000240000000000

0200380000000000

00000d0000000000

0000210000000000

00000a0000000000

0200380000000000

00001e0000000000

0000110000000000

0000240000000000

0000200000000000

0200380000000000

00000e0000000000

0000270000000000

0000150000000000

0200380000000000

0000130000000000

0000160000000000

00001f0000000000

4000270000000000

0000000000000000

